0
1
2
3
4
5
6
7
8
9
11
12
22
33
44
55
66
77
88
99
111
123
222
333
444
555
666
777
888
999
1111
1234
2222
3333
4444
5555
6666
7777
8888
9999
11111
12345
22222
33333
44444
55555
66666
77777
88888
99999
111111
111222
123123
123321
123456
135246
222222
333333
444444
555555
666666
777777
888888
999999
1234567
11111111
12345678
88888888
123456789
135246789
1234567890

root
anonymous
user
ftp
00
000
0000
00000
000000
000111
qwe
qwer
qwert
qweasd
qazwsx
qazxsw
zxczxc
1qaz2wsx
123qwe
123qweasd
123asd
qwezxc
qazwsxedc
zxcvbn
asdfgh
qwerty
qazxdr
qwaszx
00000000
aaaaaa
aaaaaaaa